0000000015
4253412866
4838264197
8613044451
3894826211
5905407125
7269314753
1458811886
9163174160
4881070030
4674326921
8526150726
1417777091
0064159239
5124074599
6902278141
0603836571
6957015837
4653454824
7282599087
3030274372
3472129492
0019170055
5914793795
7483205676
4208120454
0340174223
2266789344
7988014823
7228166328
8342844710
7470584460
0178591251
2102789210
5113487488
4089495681
9022184654
2422798698
3066955805
9089781886
0092880421
0499682143
7514864754
8893891684
8761687517
1999471260
1630009827
6809714697
1149539385
3152001026
7130850528
1387592547
3642169855
1728717548
3320851853
2241580876
6705586202
4282696160
9325739894
5100298597
6041047338
6687274737
2949234167
4873678707
7691306914
1975521275
9070346234
6979261996
0859145225
7373461866
6071674171
6901665266
8332130111
2965930990
2962916610
9969770123
6873509942
2423064915
0975579012
4222591555
0010291083
4515587083
7339385544
9392953148
0057628046
7916474501
6160531779
9732521418
5767650870
1070758280
8356229162
3820615527
9825234419
2599666097
2631207623
3897708310
7334360735
3487667403
1769508879
1249599583
5489109922

